81
-1.0 1.0
-0.75 1.0
-0.5 1.0
-0.25 1.0
0.0 1.0
0.25 1.0
0.5 1.0
0.75 1.0
1.0 1.0
-1.0 0.75
-0.75 0.75
-0.5 0.75
-0.25 0.75
0.0 0.75
0.25 0.75
0.5 0.75
0.75 0.75
1.0 0.75
-1.0 0.5
-0.75 0.5
-0.5 0.5
-0.25 0.5
0.0 0.5
0.25 0.5
0.5 0.5
0.75 0.5
1.0 0.5
-1.0 0.25
-0.75 0.25
-0.5 0.25
-0.25 0.25
0.0 0.25
0.25 0.25
0.5 0.25
0.75 0.25
1.0 0.25
-1.0 0.0
-0.75 0.0
-0.5 0.0
-0.25 0.0
0.0 0.0
0.25 0.0
0.5 0.0
0.75 0.0
1.0 0.0
-1.0 -0.25
-0.75 -0.25
-0.5 -0.25
-0.25 -0.25
0.0 -0.25
0.25 -0.25
0.5 -0.25
0.75 -0.25
1.0 -0.25
-1.0 -0.5
-0.75 -0.5
-0.5 -0.5
-0.25 -0.5
0.0 -0.5
0.25 -0.5
0.5 -0.5
0.75 -0.5
1.0 -0.5
-1.0 -0.75
-0.75 -0.75
-0.5 -0.75
-0.25 -0.75
0.0 -0.75
0.25 -0.75
0.5 -0.75
0.75 -0.75
1.0 -0.75
-1.0 -1.0
-0.75 -1.0
-0.5 -1.0
-0.25 -1.0
0.0 -1.0
0.25 -1.0
0.5 -1.0
0.75 -1.0
1.0 -1.0
1.0 0.707106781187 -6.12323399574e-17 -0.707106781187 -1.0 -0.707106781187 -6.12323399574e-17 0.707106781187 1.0
0.707106781187 0.5 -4.32978028118e-17 -0.5 -0.707106781187 -0.5 -4.32978028118e-17 0.5 0.707106781187
-6.12323399574e-17 -4.32978028118e-17 3.74939945665e-33 4.32978028118e-17 6.12323399574e-17 4.32978028118e-17 3.74939945665e-33 -4.32978028118e-17 -6.12323399574e-17
-0.707106781187 -0.5 4.32978028118e-17 0.5 0.707106781187 0.5 4.32978028118e-17 -0.5 -0.707106781187
-1.0 -0.707106781187 6.12323399574e-17 0.707106781187 1.0 0.707106781187 6.12323399574e-17 -0.707106781187 -1.0
-0.707106781187 -0.5 4.32978028118e-17 0.5 0.707106781187 0.5 4.32978028118e-17 -0.5 -0.707106781187
-6.12323399574e-17 -4.32978028118e-17 3.74939945665e-33 4.32978028118e-17 6.12323399574e-17 4.32978028118e-17 3.74939945665e-33 -4.32978028118e-17 -6.12323399574e-17
0.707106781187 0.5 -4.32978028118e-17 -0.5 -0.707106781187 -0.5 -4.32978028118e-17 0.5 0.707106781187
1.0 0.707106781187 -6.12323399574e-17 -0.707106781187 -1.0 -0.707106781187 -6.12323399574e-17 0.707106781187 1.0
128
0 1 9
9 10 1
1 2 10
10 11 2
2 3 11
11 12 3
3 4 12
12 13 4
4 5 13
13 14 5
5 6 14
14 15 6
6 7 15
15 16 7
7 8 16
16 17 8
9 10 18
18 19 10
10 11 19
19 20 11
11 12 20
20 21 12
12 13 21
21 22 13
13 14 22
22 23 14
14 15 23
23 24 15
15 16 24
24 25 16
16 17 25
25 26 17
18 19 27
27 28 19
19 20 28
28 29 20
20 21 29
29 30 21
21 22 30
30 31 22
22 23 31
31 32 23
23 24 32
32 33 24
24 25 33
33 34 25
25 26 34
34 35 26
27 28 36
36 37 28
28 29 37
37 38 29
29 30 38
38 39 30
30 31 39
39 40 31
31 32 40
40 41 32
32 33 41
41 42 33
33 34 42
42 43 34
34 35 43
43 44 35
36 37 45
45 46 37
37 38 46
46 47 38
38 39 47
47 48 39
39 40 48
48 49 40
40 41 49
49 50 41
41 42 50
50 51 42
42 43 51
51 52 43
43 44 52
52 53 44
45 46 54
54 55 46
46 47 55
55 56 47
47 48 56
56 57 48
48 49 57
57 58 49
49 50 58
58 59 50
50 51 59
59 60 51
51 52 60
60 61 52
52 53 61
61 62 53
54 55 63
63 64 55
55 56 64
64 65 56
56 57 65
65 66 57
57 58 66
66 67 58
58 59 67
67 68 59
59 60 68
68 69 60
60 61 69
69 70 61
61 62 70
70 71 62
63 64 72
72 73 64
64 65 73
73 74 65
65 66 74
74 75 66
66 67 75
75 76 67
67 68 76
76 77 68
68 69 77
77 78 69
69 70 78
78 79 70
70 71 79
79 80 71
